individualsBest_1_hiddenLayer1=[
    0.9310   -0.6356   -0.9679    0.4281;
    0.5209    0.6561    0.0102    0.5472;
   -0.9273   -0.8538   -0.4618   -0.0372;
    0.3567   -0.3297    0.8277   -0.0717;
    0.1901    0.7716    0.8851   -0.7773;
    0.2144   -0.5928   -0.2168   -0.2512;
   -0.7061    0.8165   -0.2572    0.6112;
   -0.7816   -0.3093    0.3480    0.8626]

individualsBest_1_biasHiddenLayer1 = [

     1;
     1;
     1;
     1;
     1;
     1;
     1;
     1;
]

individualsBest_1_hiddenLayer2=[
   -0.5859   -0.9742    0.9507    0.3253    0.6449    0.4154   -0.6167    0.0090;
   -0.1175    0.3618   -0.4765   -0.2410    0.9113    0.8533    0.2768    0.8755]



individualsBest_1_biasHiddenLayer2=[
     1;
     1;
     ]
 
 individualsBest_1_score= 20.6108;
 
 
 individualsBest_1_traj=[

    5.0000  -75.0000         0    0.1117   -0.0514         0;
    6.6478  -75.0041         0    0.1649   -0.0023         0;
    8.8334  -74.5236         0    0.2193    0.0455         0;
   11.5688  -73.5711         0    0.2749    0.0920         0;
   14.3367  -72.1536         0    0.2787    0.1385         0;
   17.1491  -70.2719         0    0.2838    0.1849         0;
   20.0180  -67.9272         0    0.2900    0.2311         0;
   22.9553  -65.1210         0    0.2974    0.2772         0;
   25.9730  -61.8549         0    0.3061    0.3231         0;
   29.0831  -58.1311         0    0.3159    0.3687         0;
   32.2976  -53.9517         0    0.3270    0.4142         0;
   35.6285  -49.3195         0    0.3392    0.4593         0;
   38.5581  -44.2310         0    0.2997    0.5054         0;
   41.0985  -38.6771         0    0.2614    0.5524         0;
   43.2556  -33.1781         0    0.2230    0.5474         0;
   45.0290  -27.7250         0    0.1846    0.5432         0;
   46.4186  -22.3090         0    0.1462    0.5400         0;
   47.4241  -16.9209         0    0.1078    0.5376         0;
   48.0453  -11.5519         0    0.0694    0.5361         0;
   48.2822   -6.1929         0    0.0309    0.5356         0;
   48.1348   -0.8350         0   -0.0075    0.5359         0;
   47.6031    4.5309         0   -0.0459    0.5372         0;
   46.6872    9.9137         0   -0.0843    0.5393         0;
   45.3871   15.3225         0   -0.1227    0.5424         0;
   43.7031   20.7661         0   -0.1611    0.5463         0;
   41.6354   26.2536         0   -0.1995    0.5511         0;
   39.1842   31.7939         0   -0.2378    0.5569         0;
   36.3500   37.3961         0   -0.2761    0.5635         0;
   33.1331   43.0690         0   -0.3143    0.5710         0;
   29.5339   48.8216         0   -0.3525    0.5794         0;
   25.5529   54.6629         0   -0.3907    0.5888         0;
   21.1907   60.6018         0   -0.4288    0.5990         0;
   16.4540   67.1765         0   -0.4656    0.6630         0]

